light (-10, 10, -5) 0.4 (1, 0, 0.003)
light (0, -10, 15) 0.6 (1, 0, 0.002)
light (10, 10, -5) 0.8 (1, 0, 0.003)
//Elefante Amarillo
sphere 1.8219752311706543 (-4.0488, -7.1608, 4.0237) (0.3, 0.3, 0.7)
phere 1.8219752311706543, (-4.0488, -7.1608, 10.7821) (0.3, 0.3, 0.7)
sphere 1.8219752311706543 (4.0488, -7.1608, 10.7821) (0.3, 0.3, 0.7)
sphere 1.8219752311706543 (4.0488, -7.1608, 4.0237) (0.3, 0.3, 0.7)
sphere 2.136061668395996 (4.0488, -4.7058, 4.0237) (0.3, 0.3, 0.7)
sphere 2.136061668395996 (4.0488, -4.7058, 10.7821) (0.3, 0.3, 0.7)
sphere 2.136061668395996 (-4.0488, -4.7058, 10.7821) (0.3, 0.3, 0.7)
sphere 2.136061668395996 (-4.0488, -4.7058, 4.0237) (0.3, 0.3, 0.7)
sphere 2.5120410919189453 (-4.0488, -2.0160, 4.0237) (0.3, 0.3, 0.7)
sphere 2.5120410919189453 (-4.0488, -2.0160, 10.7821) (0.3, 0.3, 0.7)
sphere 2.5120410919189453 (4.0488, -2.0160, 10.7821) (0.3, 0.3, 0.7)
sphere 2.5120410919189453 (4.0488, -2.0160, 4.0237) (0.3, 0.3, 0.7)
sphere 6.700345993041992 (0.0000, 1.9947, 7.3499) (0.6, 0.6, 0.7)
sphere 2.865464448928833 (-4.6856, 7.7106, 2.0964) (1, 0.9, 0)
sphere 1.213410496711731 (0.0000, -1.1734, -2.0272) (1, 0.9, 0)
sphere 1.0422706604003906 (0.0285, -0.5496, -2.0068) (1, 0.9, 0)
sphere 1.0422706604003906 (0.0285, 1.2682, -2.0068) (1, 0.9, 0)
sphere 1.0145432949066162 (0.0000, 0.5107, -2.0272) (1, 0.9, 0)
sphere 2.865464448928833 (4.6856, 7.7106, 2.0964) (1, 0.9, 0)
sphere 0.9902728199958801 (0.0000, 2.0750, -2.0272) (1, 0.9, 0)
sphere 1.0422706604003906 (0.0285, 3.0006, -2.0068) (1, 0.9, 0)
sphere 1.0422706604003906 (0.0000, 3.0006, -2.0068) (1, 0.9, 0)
sphere 1.2031770944595337 (0.0000, 3.8605, -1.8314) (1, 0.9, 0)
sphere 2.8722939491271973 (0.0000, 5.8263, -0.0355) (1, 0.9, 0)
sphere 0.5299644470214844 (1.2093, 5.8263, -2.5311) (1, 1, 1)
sphere 0.5299644470214844 (-1.2093, 5.8263, -2.5311) (1, 1, 1)
sphere 0.2785213589668274 (-1.2093, 5.8263, -2.7992) (0, 0, 0)
sphere 0.2785213589668274 (1.2093, 5.8263, -2.7992) (0, 0, 0)

//Cazador
sphere 0.3622649312019348 (-7.7932, -5.2482, -6.7392) (0.2, 0.2, 0.2)
sphere 0.3622649312019348 (-7.4407, -5.3739, -6.7409) (0.2, 0.2, 0.2)
sphere 0.3622649312019348 (-7.4662, -4.8985, -6.7343) (0.2, 0.2, 0.2)
sphere 0.267402708530426 (-6.2746, -2.0185, -6.7314) (0.2, 0.2, 0.2)
sphere 0.267402708530426 (-6.1207, -1.7015, -6.7319) (0.2, 0.2, 0.2)
sphere 0.267402708530426 (-5.8209, -1.0839, -6.7328) (0.2, 0.2, 0.2)
sphere 0.267402708530426 (-5.9748, -1.4009, -6.7323) (0.2, 0.2, 0.2)
sphere 0.267402708530426 (-5.6691, -0.7710, -6.7333) (0.2, 0.2, 0.2)
sphere 0.267402708530426 (-6.8448, -3.1935, -6.7297) (0.2, 0.2, 0.2)
sphere 0.267402708530426 (-6.6910, -2.8765, -6.7302) (0.2, 0.2, 0.2)
sphere 0.267402708530426 (-6.3912, -2.2588, -6.7311) (0.2, 0.2, 0.2)
sphere 0.267402708530426 (-6.5451, -2.5759, -6.7306) (0.2, 0.2, 0.2)
sphere 0.267402708530426 (-7.1505, -3.8234, -6.7288) (0.2, 0.2, 0.2)
sphere 0.267402708530426 (-6.9967, -3.5064, -6.7293) (0.2, 0.2, 0.2)
sphere 0.267402708530426 (-7.2964, -4.1241, -6.7283) (0.2, 0.2, 0.2)
sphere 0.267402708530426 (-7.4503, -4.4411, -6.7279) (0.2, 0.2, 0.2)

sphere 0.5254238843917847 (-12.1706, -3.2476, -6.6950) (1, 0.9, 0.7)
sphere 0.5254238843917847 (-12.2694, -3.8337, -6.7280) (1, 0.9, 0.7)
sphere 0.5254238843917847 (-12.3735, -4.3923, -6.7597) (1, 0.9, 0.7)
sphere 0.5254238843917847 (-7.2049, -3.0434, -6.7586) (1, 0.9, 0.7)
sphere 0.5254238843917847 (-7.6725, -2.7206, -6.7268) (1, 0.9, 0.7)
sphere 0.5254238843917847 (-8.1557, -2.3745, -6.6937) (1, 0.9, 0.7)
sphere 0.5254238843917847 (-9.7122, -6.4257, -6.7393) (1, 0.9, 0.7)
sphere 0.5254238843917847 (-9.7045, -7.0201, -6.7725) (1, 0.9, 0.7)
sphere 0.5254238843917847 (-11.4947, -7.0201, -6.7725) (1, 0.9, 0.7)
sphere 0.5254238843917847 (-11.4870, -6.4257, -6.7393) (1, 0.9, 0.7)
sphere 0.37263625860214233 (-10.5996, -1.1802, -6.6663) (1, 0.9, 0.7)
sphere 1.0 (-10.5996, 0.0000, -6.6663) (1, 0.9, 0.7)

sphere 0.5254238843917847 (-11.6641, -1.9528, -6.6183) (0, 0, 0.8)
sphere 0.5254238843917847 (-11.9734, -2.6367, -6.6594) (0, 0, 0.8)
sphere 0.5254238843917847 (-8.7262, -2.0803, -6.6578) (0, 0, 0.8)
sphere 0.5254238843917847 (-9.4277, -1.8132, -6.6162) (0, 0, 0.8)
sphere 0.779739260673523 (-10.6294, -3.5544, -6.6618) (0, 0, 0.8)
sphere 0.9409285187721252 (-10.5996, -2.2666, -6.6663) (0, 0, 0.8)

sphere 0.5254238843917847 (-10.0140, -5.0686, -6.6618) (0.2, 0.8, 0.2)
sphere 0.5254238843917847 (-9.8133, -5.7919, -6.7034) (0.2, 0.8, 0.2)
sphere 0.5254238843917847 (-9.7122, -6.4257, -6.7393) (0.2, 0.8, 0.2)
sphere 0.5254238843917847 (-11.4870, -6.4257, -6.7393) (0.2, 0.8, 0.2)
sphere 0.5254238843917847 (-11.3859, -5.7919, -6.7034) (0.2, 0.8, 0.2)
sphere 0.5254238843917847 (-11.1852, -5.0686, -6.6618) (0.2, 0.8, 0.2)
sphere 0.8527955412864685 (-10.6294, -4.3748, -6.6618) (0.2, 0.8, 0.2)
